Measuring Tool:  DLTP side facing 
Mirror Designation:  MAESTRO-U M1
File Location:  D:\ALS-U\M1\DataAndAnalysis\hhloM1_F219002_IntegratedHeight.dat
Processing Date:  Fri 27 Mar 2026 16:31:39
MirrorLength =  148. mm
Number of data:  741
Original Data:  *\ScanDataFiles\DLTP side facing \
Measurement Date:  
History:   
History:   
History:  HistoryC 

Data Type:  Height
Step size:  0.2
X unit:  mm
Z unit:  nm
Specified Peak to Valley in microrad:  
Specified Root Mean Square in microrad:  0.7 nm rms
Specified Clear Aperture in mm:  150




Source to mirror center in meters:  
Center to focus in meters:  
Grazing Incidence Angle in radians:  
Normal Incidence Angle in degrees:  
Tangential Surface Shape:  Flat
Orientation:  TBD
Clear aperture first point number:  1
Clear Aperture last point number:  741
Clear aperture center point number:  371
Face up or face down:  up










*Data starts.
-74.	-0.520922895412123
-73.8	0.2664690499256325
-73.6	0.9501748573772805
-73.4	1.566977408278399
-73.2	2.1387698196580924
-73.	2.6810021407382303
-72.8	3.2032821200272537
-72.6	3.713049825492652
-72.4	4.2157249448468015
-72.2	4.710397855704758
-72.	5.196728806597178
-71.8	5.677830419579297
-71.6	6.15161280790405
-71.4	6.61559871215218
-71.2	7.073885214080409
-71.	7.528132670651952
-70.8	7.975335463347344
-70.6	8.418699528197209
-70.4	8.859958196716182
-70.2	9.296821160095183
-70.	9.732640924147386
-69.8	10.168202537951304
-69.6	10.601942702789156
-69.4	11.033617044043044
-69.2	11.463313844131578
-69.	11.892533494457886
-68.8	12.320661486606529
-68.6	12.748063615481348
-68.4	13.174729967432745
-68.2	13.59979632690392
-68.	14.023900360217297
-67.8	14.447225164504935
-67.6	14.870656615687112
-67.4	15.294195854830337
-67.2	15.715844454360976
-67.	16.133339626269855
-66.8	16.545706707413824
-66.6	16.9557570010678
-66.4	17.363577337266772
-66.2	17.771759864033747
-66.	18.181544666441248
-65.8	18.588305941372294
-65.6	18.99380130281042
-65.4	19.397620022348423
-65.2	19.796365024244572
-65.	20.19404522526257
-64.8	20.594268428021206
-64.6	20.995253451678295
-64.4	21.3950809976229
-64.2	21.795957767313187
-64.	22.197623330168792
-63.8	22.597068500008252
-63.6	22.995147411040165
-63.4	23.393653632623508
-63.2	23.791983763294304
-63.	24.190390512099835
-62.8	24.58997623349311
-62.6	24.987336725648813
-62.4	25.381030902275914
-62.2	25.771332018191885
-62.	26.157206756496507
-61.8	26.539378586577026
-61.6	26.919719157367762
-61.4	27.3009617790531
-61.2	27.68317406314539
-61.	28.064319622536253
-60.8	28.443623257563658
-60.6	28.820556598724064
-60.4	29.195652452102035
-60.2	29.57040298868058
-60.	29.944968482312298
-59.8	30.318607811785167
-59.6	30.694129313720186
-59.4	31.07412998034512
-59.2	31.45289322565482
-59.	31.829231740430643
-58.8	32.20580532009508
-58.6	32.58156062877662
-58.4	32.95752868200822
-58.2	33.33327646392482
-58.	33.70836160800989
-57.8	34.080675897089854
-57.6	34.4489483128752
-57.4	34.81415162084646
-57.2	35.1781772852414
-57.	35.54033054825206
-56.8	35.89844326712057
-56.6	36.253037971980596
-56.4	36.606246425579535
-56.2	36.95988731694239
-56.	37.31413412714559
-55.8	37.66708401595716
-55.6	38.01923669279404
-55.4	38.37107605977484
-55.2	38.720362015231046
-55.	39.07108230676784
-54.8	39.425562792732826
-54.6	39.77934041604541
-54.4	40.13501441587692
-54.2	40.495436806195826
-54.	40.85220391708004
-53.8	41.204999198909626
-53.6	41.557172344541684
-53.4	41.90933606172666
-53.2	42.260465749378746
-53.	42.609571976045515
-52.8	42.95732989664426
-52.6	43.30327474058244
-52.4	43.64589718017874
-52.2	43.98592390736403
-52.	44.325165823875864
-51.8	44.662625135149064
-51.6	44.9972333102898
-51.4	45.33005001891217
-51.2	45.660496266952606
-51.	45.991222176083895
-50.8	46.32183235383166
-50.6	46.650536513142185
-50.4	46.978802281361936
-50.2	47.3053590532422
-50.	47.63186623676691
-49.8	47.95740136104861
-49.6	48.282676756806254
-49.4	48.61188588861482
-49.2	48.940583503808654
-49.	49.2662140178451
-48.8	49.589264471462464
-48.6	49.91120772821997
-48.4	50.23156373165616
-48.2	50.54886451832082
-48.	50.86347738758288
-47.8	51.17738225200908
-47.6	51.492016944468176
-47.4	51.808479088195845
-47.2	52.122455346570796
-47.	52.428953640656545
-46.8	52.732357489289804
-46.6	53.035361988771555
-46.4	53.33804351920269
-46.2	53.63989946098847
-46.	53.93916116927504
-45.8	54.2355226303346
-45.6	54.532572385272054
-45.4	54.83242000975125
-45.2	55.134471716634295
-45.	55.43635629623193
-44.8	55.73683883050363
-44.6	56.03793914778927
-44.4	56.33624577880696
-44.2	56.62789627714938
-44.	56.91691687911826
-43.8	57.20418683007458
-43.6	57.48915631293463
-43.4	57.77164164930829
-43.2	58.05179601419187
-43.	58.33060908662411
-42.8	58.608948145021664
-42.6	58.88464123953149
-42.4	59.159990953870896
-42.2	59.436354820864416
-42.	59.71043438679493
-41.8	59.9840482601371
-41.6	60.258275328514365
-41.4	60.53071572029346
-41.2	60.80250367495209
-41.	61.07339074313859
-40.8	61.344271469922056
-40.6	61.61726512392924
-40.4	61.89126733566625
-40.2	62.16327020829133
-40.	62.43215254601053
-39.8	62.697717351344785
-39.6	62.95920077241272
-39.4	63.21791088701938
-39.2	63.47211297033194
-39.	63.72501480376656
-38.8	63.97611404432944
-38.6	64.22411131764615
-38.4	64.47166317525252
-38.2	64.71917780698803
-38.	64.96712722826467
-37.8	65.21545870685334
-37.6	65.4635167485259
-37.4	65.71347200632614
-37.2	65.96545874330802
-37.	66.2164835390843
-36.8	66.46338773074658
-36.6	66.70702438743174
-36.4	66.94970698539343
-36.2	67.19055381591573
-36.	67.43070720662809
-35.8	67.67152440799741
-35.6	67.90992218331138
-35.4	68.14393931596065
-35.2	68.37162497207649
-35.	68.59471020934983
-34.8	68.81718436643145
-34.6	69.04021971603575
-34.4	69.26390630571701
-34.2	69.487277589255
-34.	69.70958039791431
-33.8	69.93153030419474
-33.6	70.15080050544981
-33.4	70.36714414340186
-33.2	70.58300667203193
-33.	70.79727436206481
-32.8	71.01158634449922
-32.6	71.22587093153935
-32.4	71.43754001150978
-32.2	71.64841953652297
-32.	71.86056153842466
-31.8	72.07571979559158
-31.6	72.2904125902896
-31.4	72.50309065002025
-31.2	72.714639461985
-31.	72.92243650664139
-30.8	73.12837083093164
-30.6	73.33196713759196
-30.4	73.5327473146507
-30.2	73.73081173214266
-30.	73.9283997655542
-29.8	74.12633032527178
-29.6	74.32455873701652
-29.4	74.52194281874928
-29.2	74.71770886036829
-29.	74.91207899368727
-28.8	75.10669070359982
-28.6	75.30242485039777
-28.4	75.49563809300915
-28.2	75.6868714481056
-28.	75.87759915319556
-27.8	76.06556693196947
-27.6	76.25065875173861
-27.4	76.43631575524529
-27.2	76.62199426359196
-27.	76.80614918478048
-26.8	76.98748485981938
-26.6	77.1637252804506
-26.4	77.33649144059234
-26.2	77.50735859859817
-26.	77.67472706923344
-25.8	77.84043039945335
-25.6	78.00594231557056
-25.4	78.16842127736605
-25.2	78.32999749062337
-25.	78.49353742394342
-24.8	78.65970963048625
-24.6	78.82444011574796
-24.4	78.98631487235711
-24.2	79.1485620768453
-24.	79.31009616316925
-23.8	79.46884212443871
-23.6	79.62666249397603
-23.4	79.78625004854415
-23.2	79.94393620603378
-23.	80.0998499362849
-22.8	80.25432118515108
-22.6	80.40690546739049
-22.4	80.55842639989983
-22.2	80.70741413126402
-22.	80.85421760743978
-21.8	81.00204093681928
-21.6	81.14934782610906
-21.4	81.29225188433327
-21.2	81.42975768063143
-21.	81.56416045171623
-20.8	81.69965567518067
-20.6	81.8338654803264
-20.4	81.9657352343374
-20.2	82.09888158073858
-20.	82.23390864305739
-19.8	82.36676578186558
-19.6	82.49813728278818
-19.4	82.63093694454629
-19.2	82.76350713741995
-19.	82.89654312675151
-18.8	83.02958694867388
-18.6	83.16134768316543
-18.4	83.29209154862157
-18.2	83.42291866741472
-18.	83.55470142012109
-17.8	83.68362237695769
-17.6	83.807434666662
-17.4	83.92572447581703
-17.2	84.04007434205953
-17.	84.15219476992145
-16.8	84.26332780203509
-16.6	84.375398306583
-16.4	84.48921465957258
-16.2	84.60417374219725
-16.	84.71804430986265
-15.8	84.83000752062571
-15.6	84.94228222200331
-15.4	85.05530472725016
-15.2	85.16875740883995
-15.	85.28116354564885
-14.8	85.39047830464285
-14.6	85.49752793320827
-14.4	85.60434874140088
-14.2	85.71052974367468
-14.	85.81341425067264
-13.8	85.91636364452494
-13.6	86.01730069548805
-13.4	86.11231461825072
-13.2	86.20557800841922
-13.	86.29562650611865
-12.8	86.3793687840383
-12.6	86.46014072116279
-12.4	86.54300272419768
-12.2	86.62748998171762
-12.	86.71079427752844
-11.8	86.7915394758245
-11.6	86.87039584519282
-11.4	86.94775022242158
-11.2	87.02414661674301
-11.	87.1011604448515
-10.8	87.17861017751254
-10.6	87.25539564195884
-10.4	87.33149759150741
-10.2	87.407635493662
-10.	87.48202402912193
-9.8	87.55475672017019
-9.6	87.62714545795008
-9.4	87.69760606498514
-9.2	87.76356185004232
-9.	87.82782963673606
-8.8	87.88999751934772
-8.6	87.94780677748531
-8.4	88.0028503865506
-8.2	88.05534905441806
-8.	88.10760050470948
-7.8	88.15987964603329
-7.6	88.21291574423788
-7.4	88.26768794827257
-7.2	88.31819813183068
-7.	88.36321391640138
-6.8	88.40515105082116
-6.6	88.44530054208549
-6.4	88.48556403731702
-6.2	88.5279885392092
-6.	88.57234413891516
-5.8	88.61475207235686
-5.6	88.65634841668832
-5.4	88.69870852553245
-5.2	88.73878845347323
-5.	88.77830137968641
-4.8	88.8181725934875
-4.6	88.85721790743473
-4.4	88.89458983217673
-4.2	88.92817916578932
-4.	88.96192975777886
-3.8	88.99603773733742
-3.6	89.02627097197634
-3.4	89.05255840230703
-3.2	89.07749421373575
-3.	89.10259779688921
-2.8	89.1282029632586
-2.6	89.15325539470471
-2.4	89.1786763249689
-2.2	89.20408051553159
-2.	89.22606639013783
-1.8	89.24637909775828
-1.6	89.26700211615004
-1.4	89.28638867587549
-1.2	89.30363936570535
-1.	89.31729752787018
-0.8	89.3281074296452
-0.6	89.33706044523088
-0.4	89.34426447385873
-0.2	89.35272330389898
0	89.36149491168483
0.2	89.36568343632534
0.4	89.36691733689251
0.6	89.36897691964018
0.8	89.37258205248351
1.	89.37686429211253
1.2	89.37758886922364
1.4	89.37429469323469
1.6	89.37165114530082
1.8	89.36974987507622
2.	89.36432612027092
2.2	89.35448767665173
2.4	89.3427723020829
2.6	89.33070973567474
2.8	89.31897030406219
3.	89.30742881880803
3.2	89.29548026232716
3.4	89.2813548115291
3.6	89.26492593708983
3.8	89.24765838895202
4.	89.22931804595981
4.2	89.20944940551499
4.4	89.18633874797023
4.6	89.16135108649073
4.8	89.1363621256281
5.	89.11192853471005
5.2	89.08265404637127
5.4	89.04590409535419
5.6	89.0050053774537
5.8	88.96349673061313
6.	88.92420877427229
6.2	88.8863528819865
6.4	88.84711091537743
6.6	88.80638119505115
6.8	88.76573623694841
7.	88.72499786505014
7.2	88.68462481119658
7.4	88.64064383855943
7.6	88.59642104211117
7.8	88.55686033380975
8.	88.51645322389801
8.2	88.47211446860514
8.4	88.42460026594071
8.6	88.37208731850777
8.8	88.31734467524892
9.	88.26404194638792
9.2	88.21009373079046
9.4	88.15417848129908
9.6	88.09720036390115
9.8	88.03809221108163
10.	87.97494025576138
10.2	87.91244199223829
10.4	87.85162981852216
10.6	87.79035410578466
10.8	87.73039275436302
11.	87.67019460933665
11.2	87.60625810674289
11.4	87.5390477838682
11.6	87.47245205885795
11.8	87.40343958940775
12.	87.32967323878724
12.2	87.25651842614376
12.4	87.18324723252455
12.6	87.10635257979168
12.8	87.02875163931513
13.	86.95351848458986
13.2	86.88006480720617
13.4	86.80588965650294
13.6	86.7257571816774
13.8	86.63877429842819
14.	86.54915811279756
14.2	86.45801074825593
14.4	86.36652071666174
14.6	86.27545414440112
14.8	86.18348966050976
15.	86.08901627808287
15.2	85.9921345583809
15.4	85.89395624937833
15.6	85.79500495562829
15.8	85.6946489245481
16.	85.59567890840057
16.2	85.49921337922302
16.4	85.39984705204965
16.6	85.29731463452845
16.8	85.19590221594754
17.	85.09790318694034
17.2	84.99935959599877
17.4	84.89773835885272
17.6	84.79464973692035
17.8	84.6881566879767
18.	84.57477109907398
18.2	84.45487692444239
18.4	84.3339118594708
18.6	84.21391222063986
18.8	84.0925177281754
19.	83.96709348549521
19.2	83.83809768735308
19.4	83.70934831932406
19.6	83.58079710227265
19.8	83.45258178041048
20.	83.3246997416142
20.2	83.19484279529165
20.4	83.06588846771255
20.6	82.93950682474326
20.8	82.81272377510159
21.	82.68345749038893
21.2	82.54974552257302
21.4	82.4145604667579
21.6	82.27875450289469
21.8	82.14051297476408
22.	82.00182090268949
22.2	81.86412453276189
22.4	81.72658319572908
22.6	81.58585781568429
22.8	81.44324011638521
23.	81.29912708479621
23.2	81.15194840883372
23.4	81.0044049068677
23.6	80.85639332929692
23.8	80.70642132269226
24.	80.55386472765623
24.2	80.40101142579311
24.4	80.24872865310506
24.6	80.09559128887221
24.8	79.94294228265687
25.	79.78776725621626
25.2	79.62996134407787
25.4	79.47339247747333
25.6	79.31384516181005
25.8	79.15203006083189
26.	78.99355789332134
26.2	78.83508195184973
26.4	78.67485314257145
26.6	78.51461761106957
26.8	78.35034787077942
27.	78.18127727744088
27.2	78.01129562720376
27.4	77.84101326808275
27.6	77.67001467478067
27.8	77.49715715138859
28.	77.32300197148007
28.2	77.14834065614633
28.4	76.97448377599332
28.6	76.79943355759113
28.8	76.61873833808383
29.	76.43583022106233
29.2	76.254698419715
29.4	76.07100644774445
29.6	75.88255696968866
29.8	75.69463152548126
30.	75.50641134176763
30.2	75.31548595085044
30.4	75.12432948694368
30.6	74.93332814045317
30.8	74.74295699108647
31.	74.54994278118578
31.2	74.3541101325211
31.4	74.15648662163045
31.6	73.95562187076291
31.8	73.75193541387806
32.	73.54315276717467
32.2	73.33064092680077
32.4	73.1190208414431
32.6	72.90926902810004
32.8	72.69949253712919
33.	72.48768371366636
33.2	72.27392793752956
33.4	72.06032558353495
33.6	71.84805177107879
33.8	71.63546150371727
34.	71.42126439990236
34.2	71.20355154803455
34.4	70.98294594959474
34.6	70.76144453762944
34.8	70.53980815240081
35.	70.32017466973393
35.2	70.1028094795885
35.4	69.88414911442389
35.6	69.66188149578352
35.8	69.43714805726452
36.	69.20765724229985
36.2	68.97306190505267
36.4	68.73504028597458
36.6	68.49411950237412
36.8	68.25314304950547
37.	68.014268796625
37.2	67.77569731279794
37.4	67.53700554341331
37.6	67.29806243609013
37.8	67.0549383834674
38.	66.80905870011453
38.2	66.56469028221889
38.4	66.32246424885014
38.6	66.07775550510101
38.8	65.82937585030555
39.	65.58112064120772
39.2	65.33267612832688
39.4	65.083511196831
39.6	64.83371102882991
39.8	64.58202941293557
40.	64.32716257383522
40.2	64.0708039537963
40.4	63.81234780974186
40.6	63.55073682235734
40.8	63.28611172126249
41.	63.01870034706046
41.2	62.75129957143927
41.4	62.4847511717729
41.6	62.21745141401514
41.8	61.9484154513321
42.	61.68071486245798
42.2	61.41365341210159
42.4	61.14391185225317
42.6	60.87236150963002
42.8	60.6013012891812
43.	60.33005832938853
43.2	60.06047662035392
43.4	59.79156300954916
43.6	59.51900040971447
43.8	59.24472494353435
44.	58.968323644820174
44.2	58.68830158483353
44.4	58.40505121692593
44.6	58.11969722381391
44.8	57.832671382395766
45.	57.54177289952483
45.2	57.24788389292821
45.4	56.951525534333
45.6	56.65408072900771
45.8	56.3577844576133
46.	56.06182988348713
46.2	55.76367805816818
46.4	55.46080570224353
46.6	55.1557410320385
46.8	54.85097480577221
47.	54.54535618438158
47.2	54.23920938431998
47.4	53.93342612013673
47.6	53.62710881059842
47.8	53.3178744805103
48.	53.008812971975075
48.2	52.7041058800035
48.4	52.400395394120615
48.6	52.09439868757315
48.8	51.78730483376307
49.	51.47926582215704
49.2	51.166257881119265
49.4	50.84940093880501
49.6	50.53149987272608
49.8	50.21107017040367
50.	49.88507548135605
50.2	49.556379202143376
50.4	49.22885948612282
50.6	48.89958598906495
50.8	48.56834522340514
51.	48.23914470653263
51.2	47.91145219208835
51.4	47.58429644185424
51.6	47.26024786820141
51.8	46.93686054506563
52.	46.61176162005232
52.2	46.284647570577086
52.4	45.95399359530247
52.6	45.620633386250326
52.8	45.28641714937968
53.	44.9523499175595
53.2	44.61808553911634
53.4	44.280210542770654
53.6	43.93610345470821
53.8	43.58860452444126
54.	43.24236813341189
54.2	42.895368563974884
54.4	42.54431848058958
54.6	42.19073848464195
54.8	41.838145741254536
55.	41.4872077117952
55.2	41.13291089193373
55.4	40.77522716523475
55.6	40.41995174379994
55.8	40.06476888833402
56.	39.7070667253057
56.2	39.34624866512931
56.4	38.987766579829675
56.6	38.63501461882891
56.8	38.28126388627566
57.	37.92458983448357
57.2	37.56615358847169
57.4	37.20409119051192
57.6	36.840475059112244
57.8	36.478870196466346
58.	36.11483159380021
58.2	35.7474096973588
58.4	35.37780523710327
58.6	35.00394739569153
58.8	34.62816706099354
59.	34.25160118868745
59.2	33.87327069463883
59.4	33.49514796500545
59.6	33.116355593890106
59.8	32.73547995014009
60.	32.351180964581744
60.2	31.967222618316345
60.4	31.586460358497348
60.6	31.205135470489978
60.8	30.82386213919649
61.	30.440611289453894
61.2	30.053838617329518
61.4	29.668650360778305
61.6	29.280364340321107
61.8	28.89043419946253
62.	28.50247814603288
62.2	28.114267886924214
62.4	27.724349815852985
62.6	27.32984905981306
62.8	26.931484631575263
63.	26.529813440271575
63.2	26.127841459692892
63.4	25.72763389743513
63.6	25.32794976900404
63.8	24.926715055410085
64.	24.525243431817714
64.2	24.124948999086396
64.4	23.725747680547165
64.6	23.324429836702954
64.8	22.92400566352925
65.	22.524745690834596
65.2	22.122466488290335
65.4	21.715945407724508
65.6	21.305003142484317
65.8	20.89207394816032
66.	20.478571117039536
66.2	20.0643878634365
66.4	19.64940453534034
66.6	19.236458431244007
66.8	18.821987130075488
67.	18.40442198702689
67.2	17.983056317831274
67.4	17.557765782628067
67.6	17.132308794586418
67.8	16.70907175145156
68.	16.28136684201499
68.2	15.849561176997328
68.4	15.417908319143397
68.6	14.984688248174995
68.8	14.552036510966438
69.	14.116637552230012
69.2	13.67385780316051
69.4	13.22845869104114
69.6	12.782463405368036
69.8	12.333572924450216
70.	11.883238313173212
70.2	11.43157697559005
70.4	10.97719730746934
70.6	10.517284475790344
70.8	10.053593714147322
71.	9.586614075648544
71.2	9.114361637844883
71.4	8.63932288229292
71.6	8.158603015568708
71.8	7.668290998330378
72.	7.169248180620204
72.2	6.663480148262318
72.4	6.148127311956401
72.6	5.620992369221214
72.8	5.079219744306524
73.	4.518642119572578
73.2	3.9293226931851253
73.4	3.3001235122825587
73.6	2.609411161535515
73.8	1.8136705103292083
74.	0.8489646684752594